0      9999       1        0
1      9996       4        0
2      9975      25        0
3      9913      81        6
4      9704     270       26
5      9035     886       79
6      7251    2491      258
7      3817    5409      774
8      1061    7079     1860
9       280    6398     3322
10       125    5297     4578
11        84    4340     5576
12        72    3459     6469
13        67    2792     7141
14        66    2232     7702
15        66    1812     8122
16        65    1470     8465
17        65    1173     8762
18        65     942     8993
19        65     753     9182
20        65     600     9335
21        65     474     9461
22        65     386     9549
23        65     312     9623
24        65     235     9700
25        65     179     9756
26        65     144     9791
27        65     108     9827
28        65      85     9850
29        65      65     9870
30        65      48     9887
31        65      41     9894
32        65      28     9907
33        65      24     9911
34        65      18     9917
35        65      16     9919
36        65      12     9923
37        65       8     9927
38        65       7     9928
39        65       5     9930
40        65       4     9931
41        65       4     9931
42        65       4     9931
43        65       3     9932
44        65       2     9933
45        65       0     9935
46        65       0     9935
47        65       0     9935
48        65       0     9935
49        65       0     9935
50        65       0     9935
51        65       0     9935
52        65       0     9935
53        65       0     9935
54        65       0     9935
55        65       0     9935
56        65       0     9935
57        65       0     9935
58        65       0     9935
59        65       0     9935
60        65       0     9935
61        65       0     9935
62        65       0     9935
63        65       0     9935
64        65       0     9935
65        65       0     9935
66        65       0     9935
67        65       0     9935
68        65       0     9935
69        65       0     9935
70        65       0     9935
71        65       0     9935
72        65       0     9935
73        65       0     9935
74        65       0     9935
75        65       0     9935
76        65       0     9935
77        65       0     9935
78        65       0     9935
79        65       0     9935
80        65       0     9935
81        65       0     9935
82        65       0     9935
83        65       0     9935
84        65       0     9935
85        65       0     9935
86        65       0     9935
87        65       0     9935
88        65       0     9935
89        65       0     9935
90        65       0     9935
91        65       0     9935
92        65       0     9935
93        65       0     9935
94        65       0     9935
95        65       0     9935
96        65       0     9935
97        65       0     9935
98        65       0     9935
99        65       0     9935
100        65       0     9935
101        65       0     9935
102        65       0     9935
103        65       0     9935
104        65       0     9935
105        65       0     9935
106        65       0     9935
107        65       0     9935
108        65       0     9935
109        65       0     9935
110        65       0     9935
111        65       0     9935
112        65       0     9935
113        65       0     9935
114        65       0     9935
115        65       0     9935
116        65       0     9935
117        65       0     9935
118        65       0     9935
119        65       0     9935
120        65       0     9935
121        65       0     9935
122        65       0     9935
123        65       0     9935
124        65       0     9935
125        65       0     9935
126        65       0     9935
127        65       0     9935
128        65       0     9935
129        65       0     9935
130        65       0     9935
131        65       0     9935
132        65       0     9935
133        65       0     9935
134        65       0     9935
135        65       0     9935
136        65       0     9935
137        65       0     9935
138        65       0     9935
139        65       0     9935
140        65       0     9935
141        65       0     9935
142        65       0     9935
143        65       0     9935
144        65       0     9935
145        65       0     9935
146        65       0     9935
147        65       0     9935
148        65       0     9935
149        65       0     9935
150        65       0     9935
151        65       0     9935
152        65       0     9935
153        65       0     9935
154        65       0     9935
155        65       0     9935
156        65       0     9935
157        65       0     9935
158        65       0     9935
159        65       0     9935
160        65       0     9935
161        65       0     9935
162        65       0     9935
163        65       0     9935
164        65       0     9935
165        65       0     9935
166        65       0     9935
167        65       0     9935
168        65       0     9935
169        65       0     9935
170        65       0     9935
171        65       0     9935
172        65       0     9935
173        65       0     9935
174        65       0     9935
175        65       0     9935
176        65       0     9935
177        65       0     9935
178        65       0     9935
179        65       0     9935
180        65       0     9935
181        65       0     9935
182        65       0     9935
183        65       0     9935
184        65       0     9935
185        65       0     9935
186        65       0     9935
187        65       0     9935
188        65       0     9935
189        65       0     9935
190        65       0     9935
191        65       0     9935
192        65       0     9935
193        65       0     9935
194        65       0     9935
195        65       0     9935
196        65       0     9935
197        65       0     9935
198        65       0     9935
199        65       0     9935
200        65       0     9935
201        65       0     9935
202        65       0     9935
203        65       0     9935
204        65       0     9935
205        65       0     9935
206        65       0     9935
207        65       0     9935
208        65       0     9935
209        65       0     9935
210        65       0     9935
211        65       0     9935
212        65       0     9935
213        65       0     9935
214        65       0     9935
215        65       0     9935
216        65       0     9935
217        65       0     9935
218        65       0     9935
219        65       0     9935
220        65       0     9935
221        65       0     9935
222        65       0     9935
223        65       0     9935
224        65       0     9935
225        65       0     9935
226        65       0     9935
227        65       0     9935
228        65       0     9935
229        65       0     9935
230        65       0     9935
231        65       0     9935
232        65       0     9935
233        65       0     9935
234        65       0     9935
235        65       0     9935
236        65       0     9935
237        65       0     9935
238        65       0     9935
239        65       0     9935
240        65       0     9935
241        65       0     9935
242        65       0     9935
243        65       0     9935
244        65       0     9935
245        65       0     9935
246        65       0     9935
247        65       0     9935
248        65       0     9935
249        65       0     9935
250        65       0     9935
251        65       0     9935
252        65       0     9935
253        65       0     9935
254        65       0     9935
255        65       0     9935
256        65       0     9935
257        65       0     9935
258        65       0     9935
259        65       0     9935
260        65       0     9935
261        65       0     9935
262        65       0     9935
263        65       0     9935
264        65       0     9935
265        65       0     9935
266        65       0     9935
267        65       0     9935
268        65       0     9935
269        65       0     9935
270        65       0     9935
271        65       0     9935
272        65       0     9935
273        65       0     9935
274        65       0     9935
275        65       0     9935
276        65       0     9935
277        65       0     9935
278        65       0     9935
279        65       0     9935
280        65       0     9935
281        65       0     9935
282        65       0     9935
283        65       0     9935
284        65       0     9935
285        65       0     9935
286        65       0     9935
287        65       0     9935
288        65       0     9935
289        65       0     9935
290        65       0     9935
291        65       0     9935
292        65       0     9935
293        65       0     9935
294        65       0     9935
295        65       0     9935
296        65       0     9935
297        65       0     9935
298        65       0     9935
299        65       0     9935
300        65       0     9935
